0 0.12375 0.3933333333333333 0.07250000000000001 0.3422222222222222
0 0.18875 0.7377777777777778 0.08250000000000002 0.24888888888888894
0 0.263125 0.5266666666666666 0.07874999999999999 0.3244444444444444
0 0.431875 0.5022222222222222 0.05125000000000002 0.21333333333333337
0 0.49250000000000005 0.3733333333333333 0.05250000000000005 0.2311111111111111
0 0.474375 0.7711111111111111 0.058750000000000024 0.18222222222222217
0 0.611875 0.5733333333333334 0.04375000000000007 0.16888888888888892
0 0.6131249999999999 0.16444444444444445 0.04625000000000001 0.1777777777777778
0 0.795625 0.18444444444444444 0.05625000000000002 0.2888888888888889
0 0.878125 0.7977777777777777 0.06625000000000003 0.26222222222222225
0 0.9043749999999999 0.13555555555555557 0.07874999999999999 0.25333333333333335
