0 0.24918743228602386 0.26595744680851063 0.0628385698808234 0.08019639934533551
0 0.29685807150595883 0.4083469721767594 0.06283856988082337 0.09001636661211132
0 0.34723726977248104 0.560556464811784 0.06608884073672805 0.08019639934533551
0 0.3689057421451788 0.34206219312602293 0.05742145178764896 0.07528641571194761
0 0.5487540628385699 0.45171849427168576 0.05525460455037923 0.08510638297872342
0 0.44582881906825567 0.48199672667757776 0.059588299024918745 0.08019639934533546
0 0.3829902491874323 0.1939443535188216 0.059588299024918745 0.08674304418985271
0 0.5178764897074757 0.2144026186579378 0.06283856988082342 0.08510638297872342
0 0.47183098591549294 0.3191489361702128 0.05958829902491869 0.08510638297872342
0 0.585590465872156 0.3117839607201309 0.05525460455037923 0.08019639934533551
0 0.6283856988082339 0.19639934533551556 0.04983748645720476 0.08510638297872339
0 0.69068255687974 0.276595744680851 0.050920910075839654 0.07201309328968902
0 0.6776814734561214 0.43617021276595747 0.061755146262188476 0.08019639934533551
0 0.8358613217768147 0.42225859247135844 0.06392199349945826 0.1014729950900164
0 0.7524377031419285 0.18739770867430441 0.05525460455037923 0.08019639934533551
0 0.799566630552546 0.27823240589198034 0.05200433369447455 0.08510638297872339
