0 0.14927685950413222 0.2770897832817337 0.07541322314049585 0.12383900928792568
0 0.09194214876033058 0.31346749226006193 0.05785123966942149 0.11300309597523217
0 0.34607438016528924 0.2871517027863777 0.07024793388429751 0.12848297213622292
0 0.41580578512396693 0.29102167182662536 0.05268595041322316 0.11764705882352941
0 0.5 0.3335913312693498 0.06611570247933884 0.1037151702786378
0 0.7267561983471074 0.30572755417956654 0.12086776859504134 0.1934984520123839
0 0.9261363636363635 0.3297213622291022 0.09194214876033058 0.16718266253869968
0 0.6151859504132231 0.3335913312693498 0.0650826446280992 0.08823529411764702
0 0.2525826446280992 0.3351393188854489 0.06714876033057854 0.0851393188854489
0 0.028409090909090908 0.2956656346749226 0.03615702479338843 0.08978328173374611
0 0.6301652892561984 0.26857585139318885 0.02685950413223137 0.03869969040247678
