0 0.5020661157024794 0.6857585139318885 0.09710743801652894 0.17956656346749222
0 0.30888429752066116 0.7608359133126935 0.06198347107438018 0.14086687306501555
0 0.1410123966942149 0.71671826625387 0.07954545454545456 0.17647058823529405
0 0.15857438016528927 0.4009287925696594 0.09194214876033059 0.15789473684210525
0 0.327995867768595 0.41253869969040247 0.09814049586776857 0.17492260061919507
0 0.47159090909090906 0.39086687306501544 0.10433884297520657 0.13157894736842107
0 0.6807851239669422 0.29489164086687303 0.08471074380165289 0.15634674922600617
0 0.8708677685950413 0.4326625386996904 0.09090909090909083 0.16253869969040252
0 0.8450413223140496 0.3088235294117647 0.08057851239669422 0.1501547987616099
0 0.9917355371900827 0.35913312693498456 0.016528925619834656 0.16099071207430343
