0 0.09555785123966942 0.15101289134438306 0.12086776859504134 0.23941068139963165
0 0.22417355371900827 0.27163904235727443 0.08884297520661155 0.2007366482504604
0 0.2871900826446281 0.20902394106813998 0.08677685950413225 0.17495395948434625
0 0.38171487603305787 0.26335174953959484 0.06301652892561982 0.1694290976058932
0 0.5495867768595042 0.13259668508287295 0.11776859504132237 0.2394106813996317
0 0.7169421487603306 0.3324125230202578 0.11983471074380159 0.21546961325966849
0 0.612603305785124 0.2430939226519337 0.06611570247933884 0.16206261510128914
0 0.8548553719008265 0.1685082872928177 0.0671487603305786 0.18232044198895028
0 0.7980371900826446 0.24861878453038677 0.08161157024793386 0.17679558011049726
0 0.2412190082644628 0.5607734806629834 0.11260330578512398 0.2596685082872928
0 0.4452479338842975 0.5847145488029466 0.10330578512396693 0.23020257826887658
0 0.600206611570248 0.6703499079189688 0.1198347107438017 0.2357274401473296
