0 0.36051829268292684 0.35192697768762676 0.08079268292682928 0.13590263691683568
0 0.5 0.4746450304259635 0.08841463414634143 0.17444219066937122
0 0.6920731707317074 0.4290060851926978 0.04268292682926822 0.09127789046653145
0 0.19588414634146342 0.5152129817444219 0.05945121951219512 0.09736308316430015
0 0.09222560975609756 0.5628803245436105 0.04115853658536586 0.04665314401622711
0 0.26753048780487804 0.27586206896551724 0.03506097560975607 0.05679513184584181
0 0.5060975609756098 0.2778904665314402 0.04268292682926833 0.08924949290060849
0 0.6067073170731707 0.33772819472616633 0.027439024390243927 0.04259634888438135
0 0.7873475609756098 0.436105476673428 0.028963414634146423 0.04462474645030429
0 0.8269817073170731 0.5709939148073022 0.047256097560975596 0.11156186612576069
